%YAML:1.0
cameraMatrixL: !!opencv-matrix
   rows: 3
   cols: 3
   dt: d
   data: [2028.830772, 0.000000, 670.324681, 0.000000, 2025.764300, 340.786383, 0.000000, 0.000000, 1.000000]
distCoeffsL: !!opencv-matrix
   rows: 1
   cols: 5
   dt: d
   data: [-0.413374, 0.300900, 0.001755, -0.001740, 0.000000]
cameraMatrixR: !!opencv-matrix
   rows: 3
   cols: 3
   dt: d
   data: [2015.784522, 0.000000, 576.671693, 0.000000, 2014.976780, 345.061622, 0.000000, 0.000000, 1.000000]
distCoeffsR: !!opencv-matrix
   rows: 1
   cols: 5
   dt: d
   data: [-0.401075, 0.305058, 0.002150, -0.000653, 0.000000]
R: !!opencv-matrix
   rows: 3
   cols: 3
   dt: d
   data: [0.999987, 0.000741, -0.005055, -0.000718, 0.999990, 0.004480, 0.005058, -0.004477, 0.999977]
T: !!opencv-matrix
   rows: 3
   cols: 1
   dt: d
   data: [60.556078, 0.004289, -0.124222]
